037502
006104
041539
001393
162254
061321
160742
037786
032935
004503
027638
039156
011922
030558
032541
143526
036987
012597
177111
034443
036328
162401
009777
170527
122211
001820
028420
135044
062823
184256
008123
025274
004498
037794
003835
005690
020502
179840
141469
033195
062549
029064
036898
008215
014891
010236
005179
185195
038188
018043
035005
026061
004430
064061
157865
029894
037781
027776
158743
065430
030435
176523
150139
061732
008219
024171
111534
011721
029910
004809
029670
148950
011781
163113
006066
031567
030877
064410
009063
032938
148349
186437
001678
149721
111864
002818
031673
009023
145049
025935
151630
032352
005109
177780
122915
006829
064389
005047
148470
030259
186392
043316
134932
144998
065590
006034
112876
010519
178157
137310
002086
008549
156861
147305
002269
030059
125595
014535
187575
165675
166482
254096
016597
023238
019581
009698
039867
141278
264387
015252
003358
028930
003980
142956
157755
003275
010405
023986
024468
004926
007637
029131
014790
061655
183581
019753
002807
020661
177981
140073
178865
014489
185881
004060
001045
183377
005254
061635
010056
007620
029751
161813
120093
176572
005600
065552
007022
066379
110728
162385
002593
010777
023224
002536
008092
001254
009599
061562
065009
196159
064030
008402
181104
006461
030260
146017
063938
160225
129823
008253
126423
031752
061494
028295
028590
166213
022260
003121
138483
185229
012096
031099
012658
063338
066686
140023
063454
025234
175007
163668
007085
003969
006078
179058
005518
176670
031477
006737
163946
133949
030701
135965
030398
021232
015247
062262
162732
063290
005667
006528
105936
011672
015459
008348
111873
017934
003619
060846
112968
008823
110039
026045
031854
013824
001004
012915
066261
026028
021429
003028
019431
011257
003153
149318
025937
007951
016478
061811
109919
029382
006509
009299
030032
011178
011300
003735
160211
061519
029705
162335
025138
013200
063898
005530
010991
009305
021542
001864
064915
010453
119275
029028
002448
004448
066586
144520
015337
004903
060800
061285
030463
112030
022207
029755
005087
015267
008068
004058
003007
011191
021238
008850
060801
025870
030662
010441
028717
064344
166583
005116
011343
016188
163601
125600
109826
004001
122380
029733
064175
027747
150481
065850
024157
024099
117768
002124
013479
028374
005987
010839
004124
011172
160668
004322
016401
029156
061646
007682
065553
064028
006669
012482
007936
003761
021004
007420
151016
030477
009664
033301
025318
146734
012689
003504
066393
004608
007146
023812
031843
010124
007602
003647
010411
013375
014985
110760
004607
065343
062399
065911
189579
020993
029127
023790
122917
024350
018549
012441
010008
007799
011185
061401
025540
007658
008105
008350
060875
003785
122137
030899
007526
064275
025331
066446
003158
027965
002596
001706
001686
011169
111000
013976
001823
110721
107446
064302
008334
110529
062168
141384
062553
011017
061516
002033
142260
110566
010840
118267
063667
025922
177943
004251
